LCP Table for read_1 and read_2 (k=3):
3 4 4 5 5 4 7 5 4 4 3 7 4 3 3 4 4 3 2 1 
5 5 5 4 7 5 3 6 5 4 4 3 6 4 3 3 4 3 2 1 
5 4 6 5 3 7 5 3 8 4 3 4 3 5 5 3 3 3 2 1 
6 5 4 6 5 4 6 4 3 8 4 3 3 4 5 5 4 3 2 1 
3 6 4 3 6 4 4 7 3 3 8 3 4 3 4 5 4 3 2 1 
5 3 5 3 3 5 5 4 6 3 4 7 3 4 3 4 4 3 2 1 
6 6 3 5 4 3 4 4 4 6 3 4 6 3 4 3 4 3 2 1 
4 5 6 3 4 4 3 5 4 3 5 4 4 5 3 4 3 3 2 1 
4 4 4 5 3 3 4 3 4 5 3 4 4 4 5 3 3 3 2 1 
3 5 6 4 5 3 3 5 3 4 6 4 4 4 3 4 3 3 2 1 
3 3 4 5 4 4 3 3 4 3 4 5 4 4 4 3 3 3 2 1 
3 4 3 5 5 4 7 4 3 4 3 5 5 4 3 3 3 3 2 1 
4 5 5 3 7 5 3 6 4 3 4 3 4 6 4 3 3 3 2 1 
5 4 6 5 3 7 5 3 6 4 3 4 3 5 5 3 3 3 2 1 
6 5 4 6 5 4 6 4 3 6 4 3 3 4 5 5 4 3 2 1 
3 5 4 3 5 4 5 5 3 3 5 3 4 3 4 5 4 3 2 1 
4 4 4 3 4 4 4 4 4 3 3 4 4 4 3 4 4 3 2 1 
3 3 3 3 3 3 3 3 3 3 3 3 3 3 3 3 3 3 2 1 
2 2 2 2 2 2 2 2 2 2 2 2 2 2 2 2 2 2 2 1 
1 1 1 1 1 1 1 1 1 1 1 1 1 1 1 1 1 1 1 1 

LCP Table for read_1 and read_6 (k=3):
6 3 6 7 3 5 6 3 4 3 5 6 4 3 4 3 4 3 2 1 
3 6 3 5 8 3 4 7 3 3 4 5 6 4 3 5 3 3 2 1 
3 3 5 3 4 7 3 4 6 3 3 4 5 6 5 3 4 3 2 1 
5 4 3 4 4 6 6 3 4 5 3 3 4 5 6 5 3 3 2 1 
3 6 4 4 4 4 7 5 3 4 4 4 4 5 4 5 4 3 2 1 
4 3 7 4 4 6 4 6 5 5 3 5 4 4 4 3 4 3 2 1 
3 4 3 6 4 4 5 5 6 4 5 4 5 5 4 4 3 3 2 1 
3 3 3 3 5 3 4 6 4 6 4 5 6 5 5 5 4 3 2 1 
4 3 4 3 3 5 3 3 9 4 5 4 5 6 4 4 4 3 2 1 
4 3 3 4 3 3 5 4 4 9 4 4 3 4 6 5 4 3 2 1 
4 4 5 3 4 5 3 4 4 6 8 5 4 4 3 5 4 3 2 1 
4 3 5 6 3 5 5 3 4 5 6 7 4 3 4 3 4 3 2 1 
4 5 3 4 6 3 4 5 3 3 5 6 7 4 3 5 3 3 2 1 
3 3 5 3 4 6 3 4 7 3 3 4 5 6 5 3 4 3 2 1 
5 4 3 4 4 5 5 3 4 6 3 3 4 5 6 5 3 3 2 1 
3 5 5 4 4 5 5 4 3 5 5 5 4 4 4 5 4 3 2 1 
4 3 4 4 4 4 4 4 4 3 4 4 4 4 3 3 4 3 2 1 
3 3 3 3 3 3 3 3 3 3 3 3 3 3 3 3 3 3 2 1 
2 2 2 2 2 2 2 2 2 2 2 2 2 2 2 2 2 2 2 1 
1 1 1 1 1 1 1 1 1 1 1 1 1 1 1 1 1 1 1 1 

LCP Table for read_1 and read_10 (k=3):
4 4 3 7 4 4 3 5 4 5 3 3 4 3 4 3 3 3 2 1 
4 5 4 4 7 8 3 3 6 4 4 3 3 4 4 4 3 3 2 1 
5 4 7 3 4 6 9 3 3 7 4 3 3 3 3 4 4 3 2 1 
5 5 5 7 3 4 5 10 3 3 6 4 3 3 3 4 4 3 2 1 
6 4 4 5 6 3 4 4 9 3 3 6 3 3 4 3 4 3 2 1 
3 5 3 7 4 6 3 3 3 9 3 4 5 5 3 4 4 3 2 1 
6 3 5 4 7 4 5 3 5 3 8 3 5 5 5 3 4 3 2 1 
4 6 3 4 4 6 4 6 3 6 3 7 4 5 4 5 4 3 2 1 
4 3 5 3 3 4 6 3 5 3 6 3 6 4 5 5 4 3 2 1 
4 7 3 5 3 5 4 6 3 4 3 7 4 5 4 4 4 3 2 1 
3 3 6 3 4 3 6 3 5 3 4 3 6 5 5 4 4 3 2 1 
4 3 3 6 4 4 3 7 4 4 3 4 3 5 5 4 3 3 2 1 
4 5 3 4 6 7 3 3 7 4 3 3 4 3 5 5 4 3 2 1 
5 4 6 3 4 7 7 3 3 6 4 3 3 3 3 4 4 3 2 1 
5 6 6 6 3 4 6 6 3 3 5 4 3 3 3 4 4 3 2 1 
5 4 5 5 5 3 4 5 5 3 3 5 3 3 4 3 4 3 2 1 
4 4 3 4 4 4 3 3 4 4 3 3 4 3 4 4 3 3 2 1 
3 3 3 3 3 3 3 3 3 3 3 3 3 3 3 3 3 3 2 1 
2 2 2 2 2 2 2 2 2 2 2 2 2 2 2 2 2 2 2 1 
1 1 1 1 1 1 1 1 1 1 1 1 1 1 1 1 1 1 1 1 

LCP Table for read_2 and read_6 (k=3):
4 5 3 4 6 5 3 5 4 3 3 6 5 5 4 4 3 3 2 1 
3 5 4 4 3 5 5 3 4 4 4 4 6 5 6 5 4 3 2 1 
4 3 5 4 6 4 5 4 3 4 3 4 5 6 4 5 4 3 2 1 
4 4 6 5 4 6 4 4 4 3 3 3 4 6 5 3 4 3 2 1 
5 4 3 7 4 3 6 4 3 4 4 4 4 4 6 5 3 3 2 1 
5 6 4 3 7 4 3 5 4 3 3 4 4 4 3 5 4 3 2 1 
4 5 6 3 4 8 3 3 5 3 3 3 4 4 4 4 4 3 2 1 
4 5 6 5 3 4 7 3 3 4 4 4 5 4 4 5 4 3 2 1 
5 4 5 6 5 4 4 6 3 3 3 4 4 5 3 3 4 3 2 1 
5 5 3 5 5 4 6 7 5 3 3 3 4 5 5 4 3 3 2 1 
3 7 4 3 4 4 5 6 6 6 3 3 3 5 5 5 4 3 2 1 
4 3 7 4 3 5 4 4 6 6 5 3 3 3 4 4 4 3 2 1 
3 4 3 6 4 3 4 4 4 5 6 5 4 3 3 4 4 3 2 1 
6 4 3 3 5 3 3 4 3 4 5 6 5 4 3 4 4 3 2 1 
6 5 4 3 4 5 3 3 4 3 4 4 5 4 5 4 4 3 2 1 
5 5 5 5 4 4 5 3 3 4 3 3 3 4 5 5 4 3 2 1 
4 4 4 4 4 4 4 4 3 3 3 3 3 3 3 4 4 3 2 1 
3 3 3 3 3 3 3 3 3 3 3 3 3 3 3 3 3 3 2 1 
2 2 2 2 2 2 2 2 2 2 2 2 2 2 2 2 2 2 2 1 
1 1 1 1 1 1 1 1 1 1 1 1 1 1 1 1 1 1 1 1 

LCP Table for read_2 and read_10 (k=3):
4 5 6 3 6 5 4 5 3 4 6 3 3 5 3 5 4 3 2 1 
9 5 5 5 4 5 5 4 5 3 4 5 3 3 4 3 4 3 2 1 
4 8 4 5 4 5 6 4 3 5 3 4 4 3 3 4 3 3 2 1 
4 3 7 5 4 4 5 5 3 3 5 3 3 6 3 3 4 3 2 1 
7 4 3 6 5 3 5 5 6 3 3 4 3 3 5 3 3 3 2 1 
3 6 3 3 5 5 3 4 4 6 4 3 3 3 3 5 3 3 2 1 
6 4 6 3 3 5 4 5 4 4 5 4 3 3 3 4 4 3 2 1 
6 6 4 6 4 3 4 4 8 4 3 5 4 3 4 3 4 3 2 1 
3 5 5 4 5 4 5 3 3 8 4 3 4 4 3 4 3 3 2 1 
4 4 5 4 5 4 4 6 3 3 9 3 3 4 3 5 4 3 2 1 
5 4 4 4 5 4 4 4 6 4 3 8 7 4 3 3 4 3 2 1 
3 4 3 5 3 6 4 3 3 6 4 4 7 7 4 3 4 3 2 1 
5 3 4 4 5 3 5 4 4 3 5 4 4 7 6 4 3 3 2 1 
3 5 3 3 4 4 3 5 4 5 4 4 4 4 6 5 4 3 2 1 
6 4 5 3 3 4 5 4 6 3 5 4 4 3 5 5 4 3 2 1 
5 5 4 5 3 3 5 5 4 5 4 5 4 3 3 4 4 3 2 1 
4 4 4 4 4 3 3 4 4 4 4 4 4 4 3 4 4 3 2 1 
3 3 3 3 3 3 3 3 3 3 3 3 3 3 3 3 3 3 2 1 
2 2 2 2 2 2 2 2 2 2 2 2 2 2 2 2 2 2 2 1 
1 1 1 1 1 1 1 1 1 1 1 1 1 1 1 1 1 1 1 1 

LCP Table for read_3 and read_7 (k=3):
5 3 5 8 4 3 4 5 3 4 5 4 4 5 4 5 3 3 2 1 
3 4 4 6 8 4 4 4 6 7 5 4 3 4 5 4 4 3 2 1 
3 4 3 4 6 7 4 4 4 5 7 5 4 3 3 4 4 3 2 1 
3 4 4 3 4 7 6 3 4 4 4 7 5 3 3 3 4 3 2 1 
5 3 4 4 3 4 6 5 4 5 3 4 7 4 3 4 4 3 2 1 
4 5 3 4 4 4 3 5 5 4 4 6 4 6 5 3 4 3 2 1 
3 4 4 3 4 3 4 4 5 4 4 4 6 4 5 4 4 3 2 1 
6 3 3 5 4 3 3 4 4 4 4 4 5 7 3 4 4 3 2 1 
5 5 3 3 5 4 3 3 4 4 4 3 3 6 6 3 3 3 2 1 
6 5 4 3 4 4 5 3 3 3 4 6 3 4 5 5 3 3 2 1 
4 5 5 6 3 4 4 5 4 3 3 3 5 3 4 5 4 3 2 1 
5 4 5 4 5 3 4 4 4 6 3 3 3 5 3 4 4 3 2 1 
8 6 4 4 3 5 3 4 3 5 6 4 3 3 5 3 4 3 2 1 
4 7 6 3 3 5 5 3 3 3 5 6 4 3 3 5 3 3 2 1 
4 3 6 6 3 3 5 5 3 4 3 4 5 5 4 3 4 3 2 1 
4 4 4 5 5 3 4 5 4 4 4 3 5 5 5 4 3 3 2 1 
4 4 3 4 4 4 3 4 4 3 4 4 3 4 4 4 4 3 2 1 
3 3 3 3 3 3 3 3 3 3 3 3 3 3 3 3 3 3 2 1 
2 2 2 2 2 2 2 2 2 2 2 2 2 2 2 2 2 2 2 1 
1 1 1 1 1 1 1 1 1 1 1 1 1 1 1 1 1 1 1 1 

LCP Table for read_4 and read_5 (k=3):
7 6 3 5 6 3 4 5 4 7 4 4 5 4 5 3 4 3 2 1 
3 6 6 3 4 6 3 4 4 4 6 3 3 4 4 5 3 3 2 1 
4 3 6 5 3 3 5 3 4 4 5 6 5 4 4 4 4 3 2 1 
5 6 3 6 5 3 3 4 3 4 4 6 6 5 4 3 3 3 2 1 
3 4 6 3 5 5 3 3 3 3 3 3 5 5 5 4 3 3 2 1 
4 3 5 5 3 4 4 3 3 3 3 5 5 5 5 5 4 3 2 1 
3 5 3 5 5 3 4 3 3 3 3 4 5 5 5 4 4 3 2 1 
3 6 5 3 5 5 3 3 3 3 3 3 4 5 5 4 3 3 2 1 
4 4 8 4 3 4 4 3 3 3 3 3 3 4 5 5 4 3 2 1 
4 4 4 8 5 3 4 3 3 3 3 4 4 4 5 4 4 3 2 1 
3 4 4 4 8 6 3 3 3 3 4 3 4 4 6 4 3 3 2 1 
3 3 4 3 4 7 5 3 3 3 4 4 3 5 4 5 4 3 2 1 
6 3 3 3 4 3 6 5 4 4 3 4 4 3 5 4 4 3 2 1 
4 6 4 3 3 4 3 5 6 5 4 3 4 4 3 4 3 3 2 1 
4 4 5 4 3 4 4 3 5 5 5 4 3 4 3 4 4 3 2 1 
5 5 3 5 4 4 4 4 3 4 5 5 4 3 3 4 4 3 2 1 
4 4 4 3 4 4 4 4 3 3 3 4 4 3 3 3 4 3 2 1 
3 3 3 3 3 3 3 3 3 3 3 3 3 3 3 3 3 3 2 1 
2 2 2 2 2 2 2 2 2 2 2 2 2 2 2 2 2 2 2 1 
1 1 1 1 1 1 1 1 1 1 1 1 1 1 1 1 1 1 1 1 

LCP Table for read_4 and read_9 (k=3):
3 5 3 3 4 5 3 4 3 5 3 3 4 6 3 3 4 3 2 1 
5 3 6 5 3 5 5 4 4 3 6 5 3 3 6 3 4 3 2 1 
4 4 3 7 5 3 4 4 4 4 3 5 5 3 3 5 3 3 2 1 
4 5 3 3 6 5 5 4 3 4 3 3 5 6 3 5 4 3 2 1 
5 4 6 5 3 6 5 5 4 3 4 5 3 4 6 3 4 3 2 1 
9 4 4 6 5 3 5 4 5 4 3 3 5 3 6 5 3 3 2 1 
4 9 3 4 5 6 5 5 3 9 3 3 4 5 3 5 4 3 2 1 
5 5 8 4 3 5 6 5 4 3 8 4 3 4 5 3 4 3 2 1 
4 4 5 8 4 3 4 5 6 4 3 7 4 3 5 4 4 3 2 1 
5 4 3 6 7 4 4 5 4 6 3 3 8 5 3 5 3 3 2 1 
5 5 3 3 5 7 4 6 4 5 5 3 3 7 5 3 4 3 2 1 
7 4 5 3 3 7 6 3 6 4 5 4 3 4 6 4 3 3 2 1 
4 6 5 6 3 3 6 5 3 6 5 4 4 3 4 5 4 3 2 1 
3 4 5 6 5 3 3 6 4 3 5 6 6 5 3 4 4 3 2 1 
3 4 4 4 6 4 3 3 6 3 4 5 5 6 4 3 4 3 2 1 
4 5 5 3 4 5 5 3 4 5 5 4 4 5 5 5 3 3 2 1 
4 4 4 4 3 4 4 4 3 4 4 4 4 3 4 4 4 3 2 1 
3 3 3 3 3 3 3 3 3 3 3 3 3 3 3 3 3 3 2 1 
2 2 2 2 2 2 2 2 2 2 2 2 2 2 2 2 2 2 2 1 
1 1 1 1 1 1 1 1 1 1 1 1 1 1 1 1 1 1 1 1 

LCP Table for read_5 and read_8 (k=3):
3 5 4 4 3 3 5 3 3 3 3 5 3 7 5 3 4 3 2 1 
6 6 5 4 6 4 3 5 3 3 3 3 5 3 6 5 3 3 2 1 
4 5 6 5 4 6 5 3 4 3 3 3 4 4 3 5 4 3 2 1 
3 4 6 6 4 3 5 6 4 3 4 4 3 5 4 3 4 3 2 1 
4 3 4 6 6 4 3 5 6 4 3 4 4 4 5 4 3 3 2 1 
4 4 3 4 5 5 3 3 5 5 4 3 6 5 4 5 3 3 2 1 
3 4 4 3 3 4 4 3 3 4 5 4 3 6 5 4 4 3 2 1 
3 3 3 3 3 3 4 3 3 3 3 4 3 5 5 4 4 3 2 1 
4 3 3 3 3 3 3 4 3 3 3 3 5 5 5 5 4 3 2 1 
3 3 3 3 3 3 3 3 3 3 3 3 3 4 6 5 4 3 2 1 
3 3 3 3 4 3 3 3 3 6 3 3 3 3 4 5 4 3 2 1 
3 3 3 4 3 6 6 5 4 3 7 4 3 3 3 5 4 3 2 1 
4 3 3 4 4 3 7 6 5 5 5 7 4 3 3 3 4 3 2 1 
6 4 3 4 4 4 4 7 6 5 5 5 7 5 3 3 4 3 2 1 
5 5 4 3 4 4 4 4 6 6 5 6 6 6 5 3 3 3 2 1 
4 5 4 3 4 4 4 3 4 5 5 4 5 5 5 4 3 3 2 1 
3 4 4 3 3 4 4 3 3 4 4 4 3 4 4 4 4 3 2 1 
3 3 3 3 3 3 3 3 3 3 3 3 3 3 3 3 3 3 2 1 
2 2 2 2 2 2 2 2 2 2 2 2 2 2 2 2 2 2 2 1 
1 1 1 1 1 1 1 1 1 1 1 1 1 1 1 1 1 1 1 1 

LCP Table for read_6 and read_8 (k=3):
4 3 3 5 7 4 4 4 7 6 3 5 4 3 3 4 3 3 2 1 
5 4 3 3 4 6 3 5 4 6 6 3 6 4 3 3 3 3 2 1 
3 4 4 4 3 4 6 4 4 4 6 6 3 5 4 3 4 3 2 1 
5 3 3 3 4 3 4 5 6 4 3 5 5 4 4 3 3 3 2 1 
5 4 3 3 4 5 3 5 4 7 5 3 7 4 4 5 3 3 2 1 
3 4 4 4 3 4 5 4 4 4 7 5 3 6 4 4 4 3 2 1 
6 3 3 3 5 3 4 4 4 4 3 6 4 4 5 3 4 3 2 1 
8 6 4 3 3 5 3 4 4 4 4 3 6 4 5 5 3 3 2 1 
5 7 6 4 3 4 5 3 3 4 4 7 4 5 5 5 4 3 2 1 
4 5 6 5 4 4 4 4 3 3 3 3 6 5 4 4 4 3 2 1 
3 4 5 7 5 4 4 4 4 3 3 3 3 7 5 4 4 3 2 1 
3 3 4 5 6 4 3 4 4 3 3 3 3 5 6 5 3 3 2 1 
3 3 3 4 4 5 3 3 4 3 3 3 3 4 5 5 4 3 2 1 
3 3 3 4 3 3 4 4 4 3 4 5 3 3 5 5 4 3 2 1 
5 4 4 3 4 4 3 4 6 4 3 4 5 3 3 5 4 3 2 1 
4 5 5 4 4 5 5 3 4 5 5 3 4 5 3 3 4 3 2 1 
3 4 4 4 4 4 4 4 4 4 4 4 3 4 4 3 4 3 2 1 
3 3 3 3 3 3 3 3 3 3 3 3 3 3 3 3 3 3 2 1 
2 2 2 2 2 2 2 2 2 2 2 2 2 2 2 2 2 2 2 1 
1 1 1 1 1 1 1 1 1 1 1 1 1 1 1 1 1 1 1 1 

LCP Table for read_7 and read_9 (k=3):
4 5 6 3 4 5 5 3 4 5 6 4 4 6 5 5 3 3 2 1 
5 4 7 6 3 5 5 5 3 4 7 7 4 3 6 5 4 3 2 1 
4 4 4 7 7 3 4 4 8 3 4 6 7 4 3 5 4 3 2 1 
6 4 4 3 7 6 4 5 4 7 3 4 5 7 3 4 4 3 2 1 
5 6 6 3 3 6 7 4 5 3 7 3 3 6 6 3 4 3 2 1 
5 4 6 6 3 3 5 6 4 5 3 6 3 3 6 5 4 3 2 1 
4 5 3 8 5 3 4 6 5 4 4 3 8 3 3 5 4 3 2 1 
3 4 4 3 7 5 3 4 5 5 3 4 3 7 3 3 4 3 2 1 
7 3 4 3 3 6 5 3 4 4 5 3 3 3 6 3 3 3 2 1 
4 6 3 4 4 3 5 4 3 4 5 4 4 3 3 5 3 3 2 1 
3 5 5 4 3 4 3 7 3 3 3 5 4 4 3 3 4 3 2 1 
4 3 5 7 4 3 4 4 7 3 3 4 7 3 4 3 4 3 2 1 
3 4 3 5 7 4 3 5 4 7 3 3 5 6 3 4 3 3 2 1 
4 4 3 3 4 7 4 3 4 4 6 3 3 5 6 3 3 3 2 1 
6 3 4 3 4 4 6 3 3 4 4 5 4 3 5 5 3 3 2 1 
3 5 3 4 3 4 3 5 3 4 4 3 5 4 3 4 4 3 2 1 
4 3 4 3 4 3 4 3 4 4 4 4 3 4 4 3 4 3 2 1 
3 3 3 3 3 3 3 3 3 3 3 3 3 3 3 3 3 3 2 1 
2 2 2 2 2 2 2 2 2 2 2 2 2 2 2 2 2 2 2 1 
1 1 1 1 1 1 1 1 1 1 1 1 1 1 1 1 1 1 1 1 

LCP Table for read_9 and read_10 (k=3):
5 3 5 3 4 3 5 3 7 3 3 4 4 3 6 4 4 3 2 1 
3 5 3 8 3 4 3 6 3 6 6 3 5 3 3 5 3 3 2 1 
4 3 5 3 10 4 3 3 6 4 5 6 5 5 3 3 4 3 2 1 
3 5 3 4 3 9 4 3 3 6 4 4 6 6 4 3 4 3 2 1 
3 3 5 3 4 3 8 4 3 3 5 4 4 7 6 4 3 3 2 1 
3 5 3 4 3 3 3 8 4 3 4 4 4 4 6 5 4 3 2 1 
4 3 5 3 5 3 4 3 9 3 3 5 5 3 4 5 4 3 2 1 
3 4 3 5 3 5 3 4 3 8 3 4 8 4 3 3 4 3 2 1 
3 4 5 3 5 3 4 5 4 3 7 3 4 7 4 4 3 3 2 1 
6 3 4 4 4 4 3 4 5 6 3 6 3 4 6 4 4 3 2 1 
3 6 3 4 7 4 3 4 5 5 5 3 7 3 4 5 4 3 2 1 
5 3 6 3 4 7 4 3 4 4 5 5 4 6 3 3 4 3 2 1 
5 5 4 5 3 3 7 4 3 5 4 4 5 4 5 3 3 3 2 1 
3 4 4 4 4 3 3 6 3 3 5 4 3 5 5 5 3 3 2 1 
4 5 4 3 4 3 3 4 6 3 4 4 4 3 4 5 4 3 2 1 
4 4 5 4 3 4 4 3 5 5 3 5 5 3 3 3 4 3 2 1 
3 4 4 4 4 4 3 4 3 4 4 4 4 4 3 3 4 3 2 1 
3 3 3 3 3 3 3 3 3 3 3 3 3 3 3 3 3 3 2 1 
2 2 2 2 2 2 2 2 2 2 2 2 2 2 2 2 2 2 2 1 
1 1 1 1 1 1 1 1 1 1 1 1 1 1 1 1 1 1 1 1 

LCP Table for read_1 and read_3 (k=3):
4 4 5 5 5 3 4 3 3 5 5 4 3 4 3 4 4 3 2 1 
3 4 4 4 4 4 4 4 3 3 5 5 4 3 6 3 4 3 2 1 
4 4 4 4 4 4 5 5 6 3 3 4 4 3 4 5 3 3 2 1 
6 4 4 3 3 3 4 5 5 6 3 4 4 4 3 4 4 3 2 1 
4 5 7 4 6 3 4 4 4 5 5 3 5 4 3 3 4 3 2 1 
3 3 5 7 4 6 3 4 3 5 4 7 4 5 3 3 3 3 2 1 
3 3 3 4 6 3 6 3 4 3 5 5 7 4 5 3 3 3 2 1 
8 3 4 4 4 6 3 6 3 4 3 4 4 6 5 4 3 3 2 1 
4 7 3 4 5 4 6 3 5 3 3 3 6 4 5 5 4 3 2 1 
7 4 6 4 4 5 3 5 3 4 3 3 4 6 5 5 4 3 2 1 
4 6 4 6 4 5 5 3 4 3 3 3 3 4 5 5 4 3 2 1 
5 4 5 5 7 5 4 4 3 3 4 3 3 3 4 5 4 3 2 1 
3 5 4 4 4 6 6 4 4 3 4 4 3 3 3 4 4 3 2 1 
4 4 4 4 4 4 5 5 6 3 3 4 4 3 4 5 3 3 2 1 
5 4 4 3 3 3 4 5 6 6 3 4 4 4 3 4 4 3 2 1 
4 4 4 5 4 3 4 4 4 5 5 3 4 4 3 3 4 3 2 1 
3 3 4 4 4 4 4 4 3 4 4 4 3 4 3 3 3 3 2 1 
3 3 3 3 3 3 3 3 3 3 3 3 3 3 3 3 3 3 2 1 
2 2 2 2 2 2 2 2 2 2 2 2 2 2 2 2 2 2 2 1 
1 1 1 1 1 1 1 1 1 1 1 1 1 1 1 1 1 1 1 1 

LCP Table for read_1 and read_7 (k=3):
3 4 4 4 4 4 6 7 4 4 4 3 6 3 3 5 4 3 2 1 
3 3 6 4 4 5 3 5 7 4 3 4 4 5 3 4 4 3 2 1 
3 3 4 5 3 4 6 3 4 7 4 3 5 4 6 3 4 3 2 1 
5 3 3 4 5 3 3 5 3 4 6 5 3 4 5 5 3 3 2 1 
6 4 3 3 5 6 3 4 5 3 6 5 4 3 4 5 4 3 2 1 
3 5 4 3 3 5 8 3 4 6 4 5 4 4 3 5 4 3 2 1 
3 3 5 4 3 3 4 7 4 5 5 4 6 3 4 4 4 3 2 1 
5 5 3 4 3 5 3 4 6 4 5 5 4 6 3 4 4 3 2 1 
3 4 5 4 9 3 5 3 4 7 5 4 4 4 6 3 3 3 2 1 
5 5 3 5 4 8 3 5 3 3 8 5 4 7 3 5 3 3 2 1 
3 4 5 4 5 4 8 3 5 4 3 7 4 4 6 3 4 3 2 1 
4 3 3 5 4 4 5 9 4 4 4 3 8 4 3 5 4 3 2 1 
3 5 3 3 5 5 3 4 8 4 3 4 4 7 4 4 4 3 2 1 
3 3 4 5 3 4 6 3 4 7 4 3 5 4 6 3 4 3 2 1 
5 3 3 4 5 3 3 5 3 4 6 5 3 4 6 5 3 3 2 1 
5 4 3 3 4 5 3 5 5 3 4 5 4 3 5 5 4 3 2 1 
3 4 4 3 3 4 4 4 4 4 3 3 4 4 3 4 4 3 2 1 
3 3 3 3 3 3 3 3 3 3 3 3 3 3 3 3 3 3 2 1 
2 2 2 2 2 2 2 2 2 2 2 2 2 2 2 2 2 2 2 1 
1 1 1 1 1 1 1 1 1 1 1 1 1 1 1 1 1 1 1 1 

LCP Table for read_2 and read_3 (k=3):
3 3 3 3 3 5 4 5 5 5 4 7 7 3 4 3 4 3 2 1 
5 3 3 3 4 3 5 4 5 5 5 3 6 6 3 3 3 3 2 1 
6 4 3 3 3 4 3 5 3 5 4 5 3 7 5 4 3 3 2 1 
5 5 4 3 3 3 4 3 4 3 4 4 5 3 6 5 4 3 2 1 
5 5 5 4 4 3 6 7 3 4 5 3 3 4 3 5 4 3 2 1 
3 4 6 5 4 4 3 6 6 4 3 5 3 3 3 3 4 3 2 1 
3 3 4 5 4 3 4 4 9 6 4 4 6 3 3 3 4 3 2 1 
5 3 3 3 4 3 4 4 4 9 7 4 4 6 3 3 3 3 2 1 
4 4 3 3 3 4 3 5 3 4 8 7 4 4 5 5 3 3 2 1 
4 7 5 3 3 3 4 4 5 4 4 7 6 3 4 4 4 3 2 1 
4 5 7 5 3 4 3 4 4 5 4 3 6 5 3 3 4 3 2 1 
3 3 5 9 5 8 4 3 3 6 4 4 4 7 4 3 3 3 2 1 
4 3 3 4 8 4 8 6 3 3 6 4 4 4 6 5 3 3 2 1 
4 4 3 3 4 7 7 7 7 4 3 5 3 3 4 5 4 3 2 1 
3 4 3 3 3 4 6 6 6 6 5 4 5 3 3 5 4 3 2 1 
4 3 3 3 3 3 3 5 5 5 5 5 4 5 3 3 4 3 2 1 
3 3 3 3 3 3 3 4 4 4 4 4 4 4 4 3 4 3 2 1 
3 3 3 3 3 3 3 3 3 3 3 3 3 3 3 3 3 3 2 1 
2 2 2 2 2 2 2 2 2 2 2 2 2 2 2 2 2 2 2 1 
1 1 1 1 1 1 1 1 1 1 1 1 1 1 1 1 1 1 1 1 

LCP Table for read_2 and read_7 (k=3):
4 3 4 4 4 3 3 6 4 5 4 3 3 5 5 3 4 3 2 1 
6 6 3 3 3 5 3 4 5 4 5 4 4 3 5 5 4 3 2 1 
4 5 6 4 3 3 6 3 5 5 4 4 3 6 4 5 4 3 2 1 
3 3 6 6 4 3 5 6 3 5 5 3 3 3 6 5 4 3 2 1 
4 3 3 5 5 4 3 5 5 3 5 6 5 3 3 5 4 3 2 1 
4 3 3 3 5 6 4 3 5 5 3 4 5 6 3 3 4 3 2 1 
6 4 3 3 4 5 5 3 3 5 4 3 4 4 6 3 3 3 2 1 
5 6 7 3 3 5 4 4 5 3 4 4 4 3 4 5 4 3 2 1 
3 4 7 8 3 3 5 4 4 6 3 3 3 4 4 4 4 3 2 1 
5 3 4 6 7 3 3 5 3 8 6 3 3 4 4 4 4 3 2 1 
6 5 3 3 5 7 3 3 4 3 8 6 3 3 4 4 4 3 2 1 
3 5 6 3 3 5 7 3 3 4 4 7 5 3 3 5 3 3 2 1 
4 3 6 6 3 3 4 6 4 3 3 4 7 4 3 4 4 3 2 1 
5 4 3 5 5 3 3 4 5 4 3 3 5 7 4 3 4 3 2 1 
5 5 3 3 5 4 3 3 4 4 4 3 3 5 6 3 3 3 2 1 
5 5 4 3 4 4 4 3 3 3 4 4 3 4 4 5 3 3 2 1 
4 4 4 4 4 4 4 4 3 3 3 3 3 4 4 4 4 3 2 1 
3 3 3 3 3 3 3 3 3 3 3 3 3 3 3 3 3 3 2 1 
2 2 2 2 2 2 2 2 2 2 2 2 2 2 2 2 2 2 2 1 
1 1 1 1 1 1 1 1 1 1 1 1 1 1 1 1 1 1 1 1 

LCP Table for read_3 and read_4 (k=3):
6 3 6 7 5 7 7 4 3 5 5 3 3 3 3 5 3 3 2 1 
5 5 4 6 6 6 7 7 4 4 5 6 3 3 3 3 4 3 2 1 
5 5 4 5 7 5 6 7 6 4 4 4 5 4 3 3 4 3 2 1 
3 5 6 3 5 7 4 5 7 5 3 6 4 4 4 3 4 3 2 1 
6 3 5 5 3 5 6 3 5 6 4 3 7 3 4 5 3 3 2 1 
4 6 3 4 5 3 4 5 4 4 5 5 3 6 3 4 4 3 2 1 
4 4 5 3 4 4 3 4 4 6 5 4 4 3 6 3 4 3 2 1 
5 4 3 5 3 3 4 3 3 7 6 4 3 6 5 5 3 3 2 1 
3 4 4 3 4 3 3 4 3 3 7 7 4 3 6 5 4 3 2 1 
4 3 3 4 3 3 3 3 3 3 4 6 6 4 4 5 4 3 2 1 
4 3 3 3 3 3 3 3 3 3 3 4 6 7 6 4 4 3 2 1 
3 4 3 3 3 3 3 3 3 3 4 4 5 6 6 5 4 3 2 1 
3 4 4 3 4 3 3 6 4 3 3 4 5 5 5 5 4 3 2 1 
4 6 5 4 6 5 3 4 7 4 3 3 4 5 4 4 4 3 2 1 
4 3 6 5 3 6 5 3 6 6 4 3 3 4 5 4 3 3 2 1 
5 4 4 5 5 4 5 5 3 5 5 4 3 3 3 4 4 3 2 1 
4 4 3 4 4 4 4 4 4 3 4 4 3 3 4 4 4 3 2 1 
3 3 3 3 3 3 3 3 3 3 3 3 3 3 3 3 3 3 2 1 
2 2 2 2 2 2 2 2 2 2 2 2 2 2 2 2 2 2 2 1 
1 1 1 1 1 1 1 1 1 1 1 1 1 1 1 1 1 1 1 1 

LCP Table for read_3 and read_8 (k=3):
4 3 5 6 5 3 5 7 5 5 6 5 4 3 4 3 4 3 2 1 
7 5 3 6 6 5 4 5 9 5 7 8 5 4 3 4 4 3 2 1 
7 7 5 3 5 5 4 4 5 8 5 7 8 5 5 4 3 3 2 1 
6 7 6 4 3 5 5 3 4 5 7 4 6 7 4 4 4 3 2 1 
3 7 6 5 5 3 5 4 3 4 4 6 3 6 6 3 4 3 2 1 
4 4 6 5 5 5 3 4 4 3 3 3 5 3 5 5 3 3 2 1 
3 4 4 6 4 4 4 3 5 3 3 3 3 5 4 5 4 3 2 1 
3 3 4 5 5 3 3 4 3 4 3 3 3 3 5 4 4 3 2 1 
3 3 3 5 5 5 3 3 5 4 4 3 3 3 3 5 4 3 2 1 
3 3 3 3 4 4 4 3 3 4 4 4 3 3 3 3 4 3 2 1 
4 3 3 3 3 4 4 4 3 3 4 4 4 4 4 3 3 3 2 1 
7 3 3 3 5 3 4 4 3 4 3 5 4 3 5 4 3 3 2 1 
8 6 4 3 3 8 3 4 3 3 4 3 5 3 3 5 4 3 2 1 
4 7 6 4 3 6 7 3 3 3 3 4 4 4 3 5 4 3 2 1 
4 4 6 6 4 3 6 6 4 3 5 4 4 4 4 3 4 3 2 1 
4 3 4 5 5 4 4 5 5 4 4 5 4 3 4 4 4 3 2 1 
4 4 3 4 4 4 3 4 4 4 4 4 4 4 3 4 3 3 2 1 
3 3 3 3 3 3 3 3 3 3 3 3 3 3 3 3 3 3 2 1 
2 2 2 2 2 2 2 2 2 2 2 2 2 2 2 2 2 2 2 1 
1 1 1 1 1 1 1 1 1 1 1 1 1 1 1 1 1 1 1 1 

LCP Table for read_4 and read_6 (k=3):
4 3 3 6 3 3 7 3 3 5 5 6 4 5 6 4 4 3 2 1 
4 5 3 3 7 3 3 6 4 4 4 7 6 4 4 5 3 3 2 1 
3 3 5 3 3 7 3 3 6 4 4 3 6 5 4 5 4 3 2 1 
4 3 4 4 3 4 6 3 3 5 4 4 3 7 6 4 4 3 2 1 
6 5 3 4 5 3 4 5 4 4 4 4 5 3 6 5 3 3 2 1 
3 5 5 3 5 7 3 4 5 4 4 3 3 4 3 5 4 3 2 1 
4 3 5 4 3 6 6 3 5 4 4 4 3 5 4 3 4 3 2 1 
6 4 3 4 4 3 5 6 5 4 4 4 4 3 6 4 3 3 2 1 
3 5 4 3 5 4 3 5 6 5 4 3 3 3 4 5 4 3 2 1 
3 3 6 3 3 5 3 3 5 5 5 4 3 4 3 4 4 3 2 1 
8 4 3 5 4 3 4 3 3 4 6 5 4 3 5 4 4 3 2 1 
5 7 5 3 5 6 3 4 3 3 5 5 4 3 3 5 4 3 2 1 
4 4 7 5 3 5 6 3 5 3 4 4 4 3 3 3 4 3 2 1 
5 4 4 6 5 3 4 6 4 4 3 4 4 4 5 3 3 3 2 1 
5 5 3 5 5 4 3 4 5 4 4 3 4 4 5 5 3 3 2 1 
4 5 4 3 4 4 5 3 3 5 4 4 3 5 4 5 4 3 2 1 
4 4 4 4 3 4 4 4 4 4 4 4 4 3 4 3 4 3 2 1 
3 3 3 3 3 3 3 3 3 3 3 3 3 3 3 3 3 3 2 1 
2 2 2 2 2 2 2 2 2 2 2 2 2 2 2 2 2 2 2 1 
1 1 1 1 1 1 1 1 1 1 1 1 1 1 1 1 1 1 1 1 

LCP Table for read_4 and read_10 (k=3):
6 4 3 7 6 3 4 6 5 3 3 6 3 4 5 5 3 3 2 1 
3 5 3 3 6 6 3 3 5 5 3 4 5 4 4 5 4 3 2 1 
4 3 5 3 3 6 6 3 3 4 6 3 4 4 4 3 4 3 2 1 
4 4 4 5 3 3 5 6 3 3 3 6 3 4 4 5 3 3 2 1 
3 3 3 4 4 5 3 4 5 4 3 4 5 4 4 4 4 3 2 1 
3 3 4 3 4 5 5 3 4 4 4 3 4 4 4 3 3 3 2 1 
3 3 4 4 3 4 4 6 3 4 3 6 3 4 4 5 3 3 2 1 
3 3 3 4 7 4 3 4 6 4 3 5 7 4 4 5 4 3 2 1 
3 3 3 3 4 7 4 3 4 5 4 4 5 6 4 3 4 3 2 1 
3 3 4 3 3 4 6 4 3 5 4 4 4 6 6 4 3 3 2 1 
3 4 3 4 3 3 3 6 4 3 4 4 4 4 6 5 4 3 2 1 
4 4 5 3 4 3 3 7 6 3 4 4 4 3 4 5 4 3 2 1 
5 4 4 5 5 4 3 3 8 5 3 5 5 3 4 3 4 3 2 1 
3 5 4 4 5 6 3 3 3 7 4 4 5 7 3 4 4 3 2 1 
5 4 5 3 4 4 6 4 3 3 6 3 4 5 6 4 4 3 2 1 
5 5 4 4 3 3 4 5 5 3 5 5 3 4 4 5 4 3 2 1 
4 4 4 4 3 4 3 3 4 4 3 4 4 4 4 4 4 3 2 1 
3 3 3 3 3 3 3 3 3 3 3 3 3 3 3 3 3 3 2 1 
2 2 2 2 2 2 2 2 2 2 2 2 2 2 2 2 2 2 2 1 
1 1 1 1 1 1 1 1 1 1 1 1 1 1 1 1 1 1 1 1 

LCP Table for read_5 and read_9 (k=3):
3 7 3 5 4 3 3 4 4 4 5 3 7 3 3 5 4 3 2 1 
3 3 7 4 6 4 3 4 4 4 6 5 3 6 3 3 4 3 2 1 
4 3 4 6 4 5 4 4 4 3 4 7 4 3 5 3 4 3 2 1 
4 3 3 4 6 4 4 3 6 4 3 3 7 4 3 4 3 3 2 1 
5 4 3 3 5 6 4 6 3 6 4 3 3 6 4 3 4 3 2 1 
5 4 4 3 3 5 5 3 6 3 6 3 3 4 6 3 3 3 2 1 
4 4 4 4 3 3 4 4 3 6 3 5 3 3 4 5 3 3 2 1 
3 4 3 4 3 3 3 4 3 4 5 3 5 3 3 4 4 3 2 1 
3 3 4 3 4 3 3 3 6 4 4 6 3 4 3 3 4 3 2 1 
3 3 3 3 3 3 3 3 3 5 4 4 5 3 3 3 3 3 2 1 
3 4 3 3 3 5 3 3 4 3 6 5 4 4 5 3 3 3 2 1 
5 3 4 3 4 3 5 3 3 4 3 6 5 3 5 5 3 3 2 1 
4 5 3 5 4 5 4 7 3 3 4 3 6 4 3 5 4 3 2 1 
5 4 5 3 5 4 7 4 7 3 3 4 4 5 4 4 4 3 2 1 
5 5 4 4 3 4 4 6 4 6 3 3 3 5 4 4 4 3 2 1 
4 5 4 4 3 4 4 4 5 4 5 3 3 4 5 4 3 3 2 1 
4 4 4 4 3 3 4 4 3 4 3 4 3 3 4 4 3 3 2 1 
3 3 3 3 3 3 3 3 3 3 3 3 3 3 3 3 3 3 2 1 
2 2 2 2 2 2 2 2 2 2 2 2 2 2 2 2 2 2 2 1 
1 1 1 1 1 1 1 1 1 1 1 1 1 1 1 1 1 1 1 1 

LCP Table for read_6 and read_9 (k=3):
5 6 3 4 3 6 4 6 4 3 9 3 5 7 5 4 4 3 2 1 
5 4 8 3 4 5 5 3 6 4 4 8 3 5 6 4 4 3 2 1 
5 5 4 7 4 3 6 5 3 5 4 4 7 3 4 5 4 3 2 1 
3 5 4 4 6 4 3 6 4 5 4 4 5 7 3 4 4 3 2 1 
4 4 5 3 4 5 4 3 7 3 5 5 3 5 6 3 4 3 2 1 
7 4 4 4 4 3 5 4 3 6 3 5 4 3 4 5 3 3 2 1 
3 7 3 4 3 4 3 5 3 4 5 3 5 4 3 5 4 3 2 1 
4 3 7 4 4 3 5 4 5 3 5 5 3 4 4 3 4 3 2 1 
3 5 5 6 4 3 3 6 4 4 3 5 4 3 3 5 4 3 2 1 
3 3 4 5 5 4 3 4 5 4 3 4 5 4 3 3 4 3 2 1 
4 3 3 4 5 5 4 3 5 5 4 3 4 4 4 3 3 3 2 1 
4 3 3 3 4 5 4 3 3 5 6 3 3 4 4 3 3 3 2 1 
4 3 3 3 3 7 4 3 3 4 5 5 3 3 6 3 3 3 2 1 
4 3 3 3 4 3 6 3 3 3 5 4 7 3 3 5 3 3 2 1 
3 4 4 4 3 4 3 6 3 3 3 5 5 6 3 3 4 3 2 1 
4 4 4 5 4 5 4 3 5 3 4 3 5 4 5 3 3 3 2 1 
4 4 4 4 4 4 4 4 3 4 3 4 4 4 4 4 3 3 2 1 
3 3 3 3 3 3 3 3 3 3 3 3 3 3 3 3 3 3 2 1 
2 2 2 2 2 2 2 2 2 2 2 2 2 2 2 2 2 2 2 1 
1 1 1 1 1 1 1 1 1 1 1 1 1 1 1 1 1 1 1 1 

LCP Table for read_7 and read_10 (k=3):
6 5 4 4 3 3 4 6 5 3 5 9 3 4 4 5 4 3 2 1 
4 5 4 4 3 5 3 3 5 5 3 5 8 4 4 4 4 3 2 1 
3 5 5 4 4 3 5 3 3 4 5 3 5 7 4 3 3 3 2 1 
3 3 5 4 4 3 5 6 3 3 4 4 3 5 6 4 3 3 2 1 
3 4 3 4 6 3 3 5 6 3 5 3 5 3 4 5 4 3 2 1 
4 3 4 3 4 7 3 3 5 5 3 5 4 4 3 3 4 3 2 1 
3 4 6 5 3 4 6 3 3 5 4 3 6 5 4 3 3 3 2 1 
4 3 5 6 6 3 3 6 4 3 4 4 3 7 5 4 3 3 2 1 
4 5 3 4 6 5 3 3 7 4 3 3 4 3 6 5 4 3 2 1 
4 4 5 3 5 7 5 3 3 6 6 3 3 3 3 5 4 3 2 1 
5 4 4 5 3 5 6 5 3 4 5 6 7 4 3 3 4 3 2 1 
4 4 3 5 4 4 5 5 4 4 4 5 5 7 4 3 4 3 2 1 
8 3 3 4 4 4 5 4 4 5 4 4 4 5 6 4 3 3 2 1 
3 7 3 3 4 5 3 5 4 4 4 4 4 4 5 5 4 3 2 1 
5 3 6 3 3 4 6 3 5 3 4 4 4 3 4 4 4 3 2 1 
5 5 3 5 4 3 4 5 4 4 3 4 4 3 4 3 3 3 2 1 
4 4 4 4 4 4 3 3 4 4 4 3 3 4 4 4 3 3 2 1 
3 3 3 3 3 3 3 3 3 3 3 3 3 3 3 3 3 3 2 1 
2 2 2 2 2 2 2 2 2 2 2 2 2 2 2 2 2 2 2 1 
1 1 1 1 1 1 1 1 1 1 1 1 1 1 1 1 1 1 1 1 

LCP Table for read_1 and read_4 (k=3):
6 3 4 4 4 4 5 4 4 4 4 3 7 4 3 3 4 3 2 1 
4 6 3 3 5 5 3 4 6 3 3 4 4 6 4 3 3 3 2 1 
3 4 6 4 3 5 5 3 4 6 3 3 4 5 5 3 3 3 2 1 
5 3 4 5 4 3 4 4 3 3 5 6 3 3 6 5 3 3 2 1 
6 4 3 5 4 4 3 5 4 3 3 5 6 3 3 5 4 3 2 1 
3 5 4 3 4 4 4 4 5 4 3 3 5 6 3 3 4 3 2 1 
6 3 5 3 3 4 3 3 4 4 3 3 5 4 6 3 3 3 2 1 
5 6 3 5 5 3 4 4 5 4 4 3 3 5 3 5 4 3 2 1 
3 4 6 6 4 5 5 6 4 5 4 4 3 3 5 3 4 3 2 1 
6 5 3 6 6 3 5 5 5 4 6 3 3 4 3 5 4 3 2 1 
3 5 5 4 5 6 4 5 5 5 4 6 3 3 4 3 4 3 2 1 
7 3 4 6 4 4 6 4 4 5 5 3 5 3 3 4 3 3 2 1 
4 7 3 3 6 5 3 5 6 3 4 5 4 4 3 3 4 3 2 1 
3 4 6 4 3 5 5 3 4 7 3 3 4 5 5 3 3 3 2 1 
5 3 4 5 4 3 4 4 3 3 6 5 3 3 5 5 3 3 2 1 
5 4 3 4 4 4 3 4 4 3 3 5 5 3 3 5 4 3 2 1 
4 4 4 3 3 4 4 3 4 4 3 3 4 4 3 3 4 3 2 1 
3 3 3 3 3 3 3 3 3 3 3 3 3 3 3 3 3 3 2 1 
2 2 2 2 2 2 2 2 2 2 2 2 2 2 2 2 2 2 2 1 
1 1 1 1 1 1 1 1 1 1 1 1 1 1 1 1 1 1 1 1 

LCP Table for read_1 and read_8 (k=3):
4 4 4 3 4 3 7 4 4 6 4 6 5 6 6 3 3 3 2 1 
5 4 3 3 3 5 3 6 4 5 5 3 5 5 5 5 3 3 2 1 
3 4 4 5 3 3 5 4 5 4 5 6 3 4 5 5 4 3 2 1 
4 3 3 3 5 3 3 4 4 5 3 4 5 3 3 4 4 3 2 1 
5 5 3 3 3 5 3 3 4 4 5 3 4 5 5 3 4 3 2 1 
4 5 5 3 3 4 5 3 3 4 4 5 5 7 5 5 3 3 2 1 
5 6 4 4 3 3 4 4 3 3 3 3 4 5 6 4 4 3 2 1 
4 4 6 4 4 5 3 5 3 3 3 3 4 3 5 5 4 3 2 1 
3 6 4 6 6 4 6 4 6 3 4 5 3 4 3 5 4 3 2 1 
5 4 6 4 5 5 3 6 4 5 3 4 6 3 4 5 4 3 2 1 
4 5 4 7 4 5 5 4 7 4 5 4 6 7 3 4 4 3 2 1 
4 4 5 4 6 3 4 5 4 6 4 5 5 6 6 3 3 3 2 1 
4 4 3 4 4 6 3 3 5 5 5 3 4 5 5 5 3 3 2 1 
3 4 4 5 3 3 5 4 5 4 5 7 3 4 5 5 4 3 2 1 
4 3 3 3 5 3 3 4 4 5 3 4 6 3 3 4 4 3 2 1 
4 4 3 3 3 5 3 3 4 4 5 3 5 5 4 3 4 3 2 1 
3 4 4 3 3 3 4 3 3 4 4 4 3 4 4 4 3 3 2 1 
3 3 3 3 3 3 3 3 3 3 3 3 3 3 3 3 3 3 2 1 
2 2 2 2 2 2 2 2 2 2 2 2 2 2 2 2 2 2 2 1 
1 1 1 1 1 1 1 1 1 1 1 1 1 1 1 1 1 1 1 1 

LCP Table for read_2 and read_4 (k=3):
3 4 4 3 3 3 3 3 3 3 4 5 3 5 6 4 3 3 2 1 
6 3 5 4 3 3 3 3 3 3 3 4 5 3 4 5 4 3 2 1 
4 5 5 5 3 5 4 3 3 4 3 3 4 5 3 4 4 3 2 1 
4 3 5 5 4 4 5 4 3 4 4 3 3 4 5 3 3 3 2 1 
6 4 3 5 5 4 4 5 4 3 5 4 4 3 3 4 3 3 2 1 
3 5 4 3 4 5 4 4 5 5 6 5 4 5 5 4 3 3 2 1 
3 3 5 3 3 4 4 3 4 4 4 7 5 3 5 5 4 3 2 1 
5 3 3 4 3 3 3 3 3 3 3 4 8 4 3 5 4 3 2 1 
3 4 4 4 3 4 4 3 3 5 3 3 4 7 6 3 4 3 2 1 
5 3 4 5 4 3 6 5 3 3 5 4 3 4 6 5 3 3 2 1 
5 5 3 5 5 4 3 8 5 3 3 5 5 4 3 5 4 3 2 1 
3 4 5 3 4 5 4 4 8 6 3 3 7 6 4 3 4 3 2 1 
5 3 4 4 3 4 4 3 4 7 5 3 4 6 6 4 3 3 2 1 
4 5 3 4 4 3 4 4 3 6 7 5 3 6 5 5 4 3 2 1 
3 4 4 3 4 3 3 4 3 3 6 6 4 3 6 5 4 3 2 1 
4 3 3 4 3 3 3 3 3 3 5 5 5 5 5 5 4 3 2 1 
3 3 3 3 3 3 3 3 3 3 4 4 4 4 4 4 4 3 2 1 
3 3 3 3 3 3 3 3 3 3 3 3 3 3 3 3 3 3 2 1 
2 2 2 2 2 2 2 2 2 2 2 2 2 2 2 2 2 2 2 1 
1 1 1 1 1 1 1 1 1 1 1 1 1 1 1 1 1 1 1 1 

LCP Table for read_2 and read_8 (k=3):
4 3 3 3 4 3 3 4 3 4 3 3 5 3 4 5 4 3 2 1 
3 3 3 3 3 6 3 3 3 3 5 3 3 4 4 5 4 3 2 1 
3 3 3 4 3 3 7 5 4 3 5 6 3 3 4 5 4 3 2 1 
5 3 3 4 4 3 4 7 5 4 4 5 6 3 3 4 4 3 2 1 
5 4 3 3 4 4 3 4 6 5 4 4 5 5 4 3 4 3 2 1 
4 5 4 3 4 4 4 3 5 6 5 4 4 5 5 4 3 3 2 1 
3 4 4 3 4 4 4 3 3 6 5 4 3 5 4 4 4 3 2 1 
3 3 3 3 3 5 5 3 3 3 5 4 3 4 4 3 4 3 2 1 
4 3 3 6 3 3 5 5 5 3 4 5 4 3 4 4 4 3 2 1 
8 3 3 3 6 3 3 5 4 5 3 5 5 3 3 4 4 3 2 1 
6 7 4 3 3 6 3 3 4 4 5 3 6 4 3 4 4 3 2 1 
4 7 7 4 3 4 7 3 3 4 4 5 5 6 4 4 4 3 2 1 
4 4 6 6 4 3 4 6 3 3 3 3 4 5 5 3 4 3 2 1 
3 3 4 6 6 4 3 4 5 4 3 3 3 3 5 5 3 3 2 1 
3 3 3 5 5 5 3 3 5 4 4 3 3 3 3 5 4 3 2 1 
3 3 3 3 4 4 4 3 3 4 4 4 3 3 3 3 4 3 2 1 
4 3 3 3 4 4 4 4 3 4 4 4 4 3 3 3 3 3 2 1 
3 3 3 3 3 3 3 3 3 3 3 3 3 3 3 3 3 3 2 1 
2 2 2 2 2 2 2 2 2 2 2 2 2 2 2 2 2 2 2 1 
1 1 1 1 1 1 1 1 1 1 1 1 1 1 1 1 1 1 1 1 

LCP Table for read_3 and read_5 (k=3):
4 4 3 6 5 3 3 4 3 4 5 6 8 5 4 3 3 3 2 1 
3 3 4 4 5 5 3 3 3 3 3 4 5 7 5 4 3 3 2 1 
3 5 4 3 4 4 4 3 3 3 3 3 4 5 6 5 4 3 2 1 
4 4 5 5 3 5 5 3 3 3 3 3 3 5 5 5 4 3 2 1 
6 5 4 5 6 3 6 4 4 4 3 3 3 3 6 4 4 3 2 1 
3 6 5 6 5 6 3 5 6 4 4 3 3 3 3 5 3 3 2 1 
5 3 8 4 6 4 5 4 6 6 4 4 3 3 5 3 4 3 2 1 
4 5 3 7 5 5 3 5 4 6 6 4 4 3 3 5 3 3 2 1 
3 3 7 3 6 6 6 3 4 5 5 5 3 3 3 4 4 3 2 1 
5 3 3 6 3 5 5 6 3 4 5 5 5 3 3 5 4 3 2 1 
6 4 3 3 5 3 5 5 5 5 3 4 4 4 5 3 4 3 2 1 
7 6 3 3 3 5 3 5 5 4 5 3 4 4 3 5 3 3 2 1 
3 8 5 3 3 3 5 3 5 4 4 6 3 4 3 3 4 3 2 1 
6 4 7 5 3 3 3 5 3 4 6 6 7 3 3 3 3 3 2 1 
4 5 5 6 4 3 3 3 4 3 3 5 5 6 3 3 3 3 2 1 
3 4 4 5 5 4 3 3 3 3 3 4 5 5 5 3 3 3 2 1 
3 3 4 3 4 4 3 3 3 3 4 3 4 4 4 4 3 3 2 1 
3 3 3 3 3 3 3 3 3 3 3 3 3 3 3 3 3 3 2 1 
2 2 2 2 2 2 2 2 2 2 2 2 2 2 2 2 2 2 2 1 
1 1 1 1 1 1 1 1 1 1 1 1 1 1 1 1 1 1 1 1 

LCP Table for read_3 and read_9 (k=3):
4 4 3 3 5 8 4 4 3 4 3 3 5 5 3 4 4 3 2 1 
7 6 5 3 4 6 8 4 4 3 5 3 4 4 6 5 4 3 2 1 
4 6 6 5 3 4 5 7 4 4 3 4 3 4 4 5 4 3 2 1 
4 4 5 6 4 3 4 5 6 4 3 4 4 3 4 4 4 3 2 1 
3 5 3 5 5 4 3 4 4 6 3 3 4 4 3 5 3 3 2 1 
4 3 4 4 4 5 4 4 3 4 5 4 3 4 4 3 4 3 2 1 
5 3 3 4 5 4 4 3 4 5 4 4 6 3 4 3 3 3 2 1 
3 4 3 3 5 5 3 3 4 5 5 3 6 6 4 3 3 3 2 1 
6 4 4 3 3 5 5 3 4 5 5 5 3 5 6 4 3 3 2 1 
4 5 4 4 3 4 4 4 7 4 5 4 6 4 5 5 4 3 2 1 
8 4 5 4 5 3 4 5 4 7 4 5 5 5 4 5 4 3 2 1 
3 8 5 4 4 4 3 4 5 3 7 4 4 5 4 5 4 3 2 1 
4 3 8 4 4 3 5 4 4 4 3 7 3 4 4 5 4 3 2 1 
3 4 4 7 4 3 3 5 4 3 4 5 6 3 3 4 4 3 2 1 
4 3 4 6 6 5 4 3 6 4 3 6 6 5 3 4 4 3 2 1 
5 4 3 3 5 5 5 5 3 5 4 3 5 5 4 4 4 3 2 1 
4 4 4 3 3 4 4 4 4 3 4 3 3 4 4 3 4 3 2 1 
3 3 3 3 3 3 3 3 3 3 3 3 3 3 3 3 3 3 2 1 
2 2 2 2 2 2 2 2 2 2 2 2 2 2 2 2 2 2 2 1 
1 1 1 1 1 1 1 1 1 1 1 1 1 1 1 1 1 1 1 1 

LCP Table for read_4 and read_7 (k=3):
8 3 3 5 6 3 3 8 4 3 6 4 6 4 3 5 4 3 2 1 
3 7 3 3 6 6 3 3 8 4 4 5 3 6 4 3 4 3 2 1 
3 3 6 4 3 5 7 3 3 7 4 4 5 3 5 3 3 3 2 1 
10 3 4 7 6 3 4 6 3 5 6 4 4 4 4 5 3 3 2 1 
3 9 3 4 7 6 3 4 7 3 5 5 3 5 4 4 4 3 2 1 
3 3 8 4 4 6 6 3 7 6 3 5 5 3 4 3 4 3 2 1 
5 3 4 8 5 4 5 5 3 8 5 3 5 4 4 4 3 3 2 1 
3 7 3 4 8 5 3 4 5 3 7 5 3 4 4 4 4 3 2 1 
3 5 6 3 4 7 5 3 5 4 4 8 5 3 3 3 4 3 2 1 
4 3 6 6 3 4 6 4 3 5 3 4 8 4 4 3 3 3 2 1 
5 4 3 6 6 3 3 5 4 3 4 3 5 7 4 4 3 3 2 1 
5 5 3 3 6 5 3 3 6 3 3 5 3 5 6 3 4 3 2 1 
5 5 4 3 3 5 5 4 4 5 3 3 5 3 4 5 4 3 2 1 
3 5 7 5 3 4 4 4 4 4 4 4 3 4 3 4 4 3 2 1 
4 3 5 6 4 3 4 4 3 4 4 4 5 4 4 3 4 3 2 1 
5 4 3 4 5 4 3 4 3 3 5 4 4 5 4 4 3 3 2 1 
4 4 4 3 4 4 4 3 4 3 4 4 3 4 4 4 3 3 2 1 
3 3 3 3 3 3 3 3 3 3 3 3 3 3 3 3 3 3 2 1 
2 2 2 2 2 2 2 2 2 2 2 2 2 2 2 2 2 2 2 1 
1 1 1 1 1 1 1 1 1 1 1 1 1 1 1 1 1 1 1 1 

LCP Table for read_5 and read_6 (k=3):
4 3 4 5 3 3 10 3 5 5 5 4 4 5 4 5 3 3 2 1 
3 4 3 4 5 3 3 9 5 5 4 6 4 5 4 3 4 3 2 1 
4 3 3 3 3 4 3 4 8 6 6 4 7 4 5 5 3 3 2 1 
3 3 6 3 3 5 4 3 4 8 6 5 3 6 4 5 4 3 2 1 
7 3 3 7 3 3 5 3 3 4 7 6 5 3 5 3 4 3 2 1 
5 6 3 3 7 3 3 5 3 3 6 6 5 4 3 5 3 3 2 1 
3 4 6 4 3 7 4 3 7 3 6 5 5 4 4 3 4 3 2 1 
4 3 5 5 4 3 6 4 3 6 6 6 5 5 4 4 3 3 2 1 
3 4 3 5 5 5 4 5 4 3 5 6 6 7 4 3 3 3 2 1 
3 3 3 6 4 4 5 4 4 4 4 6 6 7 6 4 3 3 2 1 
4 5 3 3 6 4 4 4 4 4 3 4 6 7 6 5 3 3 2 1 
3 5 5 3 3 6 4 3 4 4 3 3 5 6 6 5 4 3 2 1 
5 3 5 5 3 4 6 3 3 4 3 3 3 5 5 5 4 3 2 1 
4 5 6 5 5 5 4 5 3 3 3 3 3 4 4 4 4 3 2 1 
5 4 4 6 4 4 5 4 4 3 4 4 4 3 5 4 4 3 2 1 
4 5 5 3 5 5 3 5 4 3 3 5 4 4 3 5 4 3 2 1 
3 4 4 4 3 4 4 3 4 3 4 4 4 4 4 3 4 3 2 1 
3 3 3 3 3 3 3 3 3 3 3 3 3 3 3 3 3 3 2 1 
2 2 2 2 2 2 2 2 2 2 2 2 2 2 2 2 2 2 2 1 
1 1 1 1 1 1 1 1 1 1 1 1 1 1 1 1 1 1 1 1 

LCP Table for read_5 and read_10 (k=3):
5 5 3 8 5 3 5 4 5 4 6 6 6 4 6 3 3 3 2 1 
3 4 4 3 7 5 3 4 3 5 5 8 5 6 4 5 4 3 2 1 
4 3 4 3 3 6 6 3 4 4 5 4 8 5 5 4 4 3 2 1 
4 4 5 5 3 3 6 6 3 3 4 5 4 7 5 4 3 3 2 1 
5 3 3 5 4 3 3 5 5 3 3 4 4 4 6 5 4 3 2 1 
3 7 3 3 5 4 3 5 5 4 4 3 4 3 4 5 4 3 2 1 
7 3 7 5 4 5 4 3 5 4 4 4 3 3 4 3 4 3 2 1 
5 7 3 7 5 4 4 5 4 5 3 4 4 3 4 4 3 3 2 1 
5 4 6 5 6 6 4 3 4 4 5 3 3 6 4 4 4 3 2 1 
8 5 4 5 6 5 6 4 4 5 4 4 3 3 5 4 4 3 2 1 
6 7 4 4 4 6 5 5 3 4 5 4 3 3 3 5 4 3 2 1 
8 5 6 4 3 5 6 4 4 3 4 5 3 3 3 3 4 3 2 1 
4 7 4 6 3 3 6 5 3 4 3 4 4 3 3 3 3 3 2 1 
3 3 6 5 5 3 4 5 4 3 4 3 3 6 3 3 3 3 2 1 
5 3 3 5 5 4 3 4 5 5 3 3 3 3 5 3 3 3 2 1 
3 5 3 3 5 5 3 5 4 5 4 3 3 3 3 5 3 3 2 1 
4 3 4 4 4 4 4 3 4 4 4 4 3 3 4 3 4 3 2 1 
3 3 3 3 3 3 3 3 3 3 3 3 3 3 3 3 3 3 2 1 
2 2 2 2 2 2 2 2 2 2 2 2 2 2 2 2 2 2 2 1 
1 1 1 1 1 1 1 1 1 1 1 1 1 1 1 1 1 1 1 1 

LCP Table for read_6 and read_10 (k=3):
3 5 3 5 3 3 3 5 4 5 4 3 5 3 5 5 4 3 2 1 
4 6 6 3 5 3 3 4 5 3 5 4 3 4 3 4 4 3 2 1 
4 4 6 5 3 4 4 3 4 5 3 4 4 3 3 3 4 3 2 1 
7 4 4 6 6 3 3 4 4 5 4 3 4 4 5 3 3 3 2 1 
3 8 4 3 6 5 3 4 4 4 5 3 3 4 3 5 3 3 2 1 
5 3 8 3 3 5 5 3 4 4 4 4 3 3 3 3 4 3 2 1 
5 5 3 9 5 3 4 6 5 4 3 6 5 3 4 3 3 3 2 1 
3 4 4 3 8 5 3 3 5 6 6 7 5 5 3 5 4 3 2 1 
4 3 4 3 3 7 6 3 3 5 6 5 7 5 4 3 4 3 2 1 
4 4 3 5 3 4 6 6 3 4 4 7 6 7 5 4 4 3 2 1 
4 3 3 5 4 3 4 5 5 3 4 4 6 6 6 5 4 3 2 1 
4 4 3 5 6 4 3 5 5 4 3 4 4 5 6 5 4 3 2 1 
5 5 4 4 5 6 4 3 5 4 4 3 4 3 6 5 4 3 2 1 
5 5 5 4 5 6 6 4 3 4 5 5 3 3 3 5 4 3 2 1 
6 4 4 5 3 5 6 5 3 5 4 5 4 4 3 3 4 3 2 1 
4 5 3 4 4 3 5 5 4 3 5 4 4 4 4 4 3 3 2 1 
4 3 4 3 3 4 4 4 4 4 3 4 3 4 4 4 4 3 2 1 
3 3 3 3 3 3 3 3 3 3 3 3 3 3 3 3 3 3 2 1 
2 2 2 2 2 2 2 2 2 2 2 2 2 2 2 2 2 2 2 1 
1 1 1 1 1 1 1 1 1 1 1 1 1 1 1 1 1 1 1 1 

LCP Table for read_8 and read_9 (k=3):
4 8 7 4 4 4 5 5 5 3 3 5 3 5 4 3 4 3 2 1 
4 5 8 6 4 3 5 5 5 4 3 4 4 3 4 5 4 3 2 1 
3 4 4 8 5 5 3 5 4 5 3 6 4 4 3 4 4 3 2 1 
8 3 3 4 7 6 5 3 4 7 4 3 7 5 4 4 3 3 2 1 
4 7 3 3 4 7 5 4 4 4 7 3 3 7 5 3 4 3 2 1 
6 3 7 5 3 5 6 4 4 4 4 6 3 3 6 4 4 3 2 1 
4 5 3 7 6 3 4 5 4 4 4 3 6 3 3 5 4 3 2 1 
4 4 4 3 6 6 4 4 4 4 3 6 4 6 3 4 4 3 2 1 
7 4 4 3 6 5 6 5 4 3 4 3 5 6 5 4 4 3 2 1 
4 6 4 5 3 6 4 5 5 4 4 3 3 7 6 4 4 3 2 1 
7 4 5 5 4 3 7 4 4 6 3 5 4 3 6 5 3 3 2 1 
4 7 3 5 4 4 5 9 3 4 5 3 5 4 3 5 4 3 2 1 
4 4 6 4 4 4 4 6 8 3 3 5 3 5 4 3 4 3 2 1 
4 4 4 5 4 3 4 4 6 7 3 3 4 3 4 4 3 3 2 1 
3 5 3 4 4 4 3 4 3 6 6 3 3 4 3 5 3 3 2 1 
4 3 4 5 3 5 4 4 3 3 5 5 3 3 5 3 4 3 2 1 
4 3 3 4 4 3 4 3 4 3 3 4 4 3 3 4 3 3 2 1 
3 3 3 3 3 3 3 3 3 3 3 3 3 3 3 3 3 3 2 1 
2 2 2 2 2 2 2 2 2 2 2 2 2 2 2 2 2 2 2 1 
1 1 1 1 1 1 1 1 1 1 1 1 1 1 1 1 1 1 1 1 

LCP Table for read_1 and read_5 (k=3):
5 3 3 3 5 3 6 7 5 4 3 3 5 5 6 5 4 3 2 1 
4 5 3 3 4 5 4 5 7 5 5 3 3 7 5 5 4 3 2 1 
3 4 4 4 3 4 6 4 5 6 5 5 4 4 6 5 4 3 2 1 
4 3 4 5 4 5 5 5 5 5 6 5 5 5 4 5 4 3 2 1 
6 3 3 4 4 4 6 6 4 5 4 5 4 4 6 4 4 3 2 1 
4 5 4 3 3 5 5 6 5 4 4 3 4 3 4 5 4 3 2 1 
6 6 5 4 4 3 5 4 6 6 4 4 3 4 4 3 4 3 2 1 
4 6 5 5 4 4 3 5 4 5 8 5 5 3 3 4 3 3 2 1 
5 3 6 5 4 4 4 3 4 4 4 7 4 4 3 3 4 3 2 1 
4 5 6 5 7 3 3 4 3 4 5 5 7 4 4 3 3 3 2 1 
4 3 6 6 4 7 3 3 3 3 3 4 4 6 4 5 3 3 2 1 
4 4 3 5 6 3 6 5 5 4 3 3 4 5 6 5 4 3 2 1 
4 4 5 3 5 8 4 5 6 5 5 3 3 4 5 5 4 3 2 1 
3 4 4 4 3 4 7 4 5 6 5 5 4 4 6 5 4 3 2 1 
4 3 4 5 4 6 6 6 5 5 6 5 6 5 4 5 4 3 2 1 
5 3 3 5 4 5 5 5 5 5 4 5 4 5 5 5 4 3 2 1 
4 4 3 3 4 4 4 4 4 4 4 3 4 3 4 4 4 3 2 1 
3 3 3 3 3 3 3 3 3 3 3 3 3 3 3 3 3 3 2 1 
2 2 2 2 2 2 2 2 2 2 2 2 2 2 2 2 2 2 2 1 
1 1 1 1 1 1 1 1 1 1 1 1 1 1 1 1 1 1 1 1 

LCP Table for read_1 and read_9 (k=3):
3 6 3 5 3 4 3 7 3 5 4 3 4 4 3 5 4 3 2 1 
4 3 5 3 4 3 4 3 6 4 4 6 3 4 5 3 4 3 2 1 
5 4 3 4 5 3 4 6 3 5 4 4 5 3 3 5 3 3 2 1 
3 6 3 3 3 6 3 4 5 3 4 4 4 5 4 3 4 3 2 1 
5 3 6 3 3 3 6 3 4 5 3 4 4 3 5 5 3 3 2 1 
3 7 4 8 3 3 3 6 3 4 5 4 4 3 3 5 4 3 2 1 
3 3 6 4 7 3 3 3 5 4 3 5 4 4 3 3 4 3 2 1 
3 3 4 5 4 6 3 4 3 4 4 5 4 4 3 3 4 3 2 1 
5 3 3 4 6 4 7 3 4 3 6 4 5 3 4 5 3 3 2 1 
3 4 4 5 4 6 3 6 3 4 3 5 4 5 3 3 4 3 2 1 
6 3 4 4 5 4 6 3 6 3 4 3 5 3 5 4 3 3 2 1 
3 5 3 4 4 5 3 5 3 6 3 3 3 6 3 4 4 3 2 1 
5 3 4 3 3 5 7 3 4 4 5 3 3 3 6 3 3 3 2 1 
5 4 3 4 5 3 4 6 3 5 4 4 5 3 3 5 3 3 2 1 
3 5 3 3 3 5 3 4 5 3 4 4 4 5 4 3 4 3 2 1 
5 3 5 3 3 3 5 3 5 5 3 4 4 3 5 4 3 3 2 1 
3 4 3 4 3 3 3 4 3 4 4 3 4 3 3 4 4 3 2 1 
3 3 3 3 3 3 3 3 3 3 3 3 3 3 3 3 3 3 2 1 
2 2 2 2 2 2 2 2 2 2 2 2 2 2 2 2 2 2 2 1 
1 1 1 1 1 1 1 1 1 1 1 1 1 1 1 1 1 1 1 1 

LCP Table for read_2 and read_5 (k=3):
3 6 4 3 3 6 5 5 8 7 10 4 3 5 3 5 4 3 2 1 
5 3 5 4 4 3 8 5 5 7 7 9 5 3 4 3 4 3 2 1 
5 4 3 5 3 4 3 8 4 5 6 6 8 4 3 4 3 3 2 1 
3 4 4 6 4 3 5 3 7 4 4 5 5 7 4 3 4 3 2 1 
5 3 3 4 7 4 4 5 4 6 4 4 5 7 6 4 4 3 2 1 
3 4 3 3 3 7 4 4 4 5 5 3 3 4 6 5 4 3 2 1 
3 3 4 3 3 5 7 3 5 4 6 6 3 3 4 5 4 3 2 1 
6 3 3 4 4 3 5 6 4 5 5 6 6 3 4 3 4 3 2 1 
4 5 3 4 3 4 3 5 5 5 4 4 5 5 3 4 3 3 2 1 
3 5 4 3 4 4 4 3 5 4 5 4 4 5 4 4 4 3 2 1 
5 5 4 4 3 4 4 4 3 4 4 5 4 4 4 4 4 3 2 1 
5 4 5 6 3 3 5 5 3 3 3 3 4 3 4 5 4 3 2 1 
5 5 4 6 6 3 4 4 6 5 3 3 3 4 5 3 4 3 2 1 
3 5 4 4 6 6 3 4 4 5 5 3 3 3 3 5 3 3 2 1 
3 3 5 3 5 5 5 3 4 5 5 5 3 3 3 4 4 3 2 1 
5 3 3 4 3 4 4 5 3 5 5 5 5 3 3 4 4 3 2 1 
4 4 3 3 3 4 4 4 4 3 4 4 4 4 3 4 4 3 2 1 
3 3 3 3 3 3 3 3 3 3 3 3 3 3 3 3 3 3 2 1 
2 2 2 2 2 2 2 2 2 2 2 2 2 2 2 2 2 2 2 1 
1 1 1 1 1 1 1 1 1 1 1 1 1 1 1 1 1 1 1 1 

LCP Table for read_2 and read_9 (k=3):
3 4 4 3 4 4 3 3 6 3 6 5 3 6 4 3 4 3 2 1 
4 3 4 3 3 3 4 3 3 5 3 6 4 3 5 4 3 3 2 1 
4 4 3 5 4 3 4 4 3 3 5 3 6 3 3 5 4 3 2 1 
4 4 4 3 5 4 4 4 6 3 3 7 4 5 3 4 4 3 2 1 
5 4 4 3 3 4 4 5 4 5 3 3 6 5 4 3 4 3 2 1 
5 5 4 4 3 4 4 6 5 5 5 3 3 5 5 4 3 3 2 1 
4 5 4 4 3 4 4 4 5 5 4 5 3 4 5 5 3 3 2 1 
4 4 4 6 3 3 4 4 3 5 4 6 6 3 5 5 4 3 2 1 
7 4 4 4 7 3 4 5 4 3 5 4 6 5 3 5 4 3 2 1 
3 8 5 3 4 6 3 4 5 3 5 5 3 6 4 3 4 3 2 1 
5 3 8 4 3 3 6 4 4 4 3 5 4 3 5 5 4 3 2 1 
3 5 4 9 4 3 3 7 6 4 4 4 6 3 3 5 4 3 2 1 
3 3 4 4 8 4 3 3 6 6 3 4 6 6 3 3 4 3 2 1 
5 4 3 3 5 7 4 3 4 5 7 3 3 6 5 3 3 3 2 1 
6 4 4 3 3 5 6 3 4 5 5 6 3 5 6 4 3 3 2 1 
5 5 4 4 3 4 4 5 4 5 5 4 5 5 5 5 4 3 2 1 
4 4 4 4 4 4 4 4 4 4 4 4 4 4 4 4 4 3 2 1 
3 3 3 3 3 3 3 3 3 3 3 3 3 3 3 3 3 3 2 1 
2 2 2 2 2 2 2 2 2 2 2 2 2 2 2 2 2 2 2 1 
1 1 1 1 1 1 1 1 1 1 1 1 1 1 1 1 1 1 1 1 

LCP Table for read_3 and read_6 (k=3):
4 3 4 4 3 4 8 3 3 5 4 4 3 5 5 5 4 3 2 1 
5 4 4 4 4 4 6 7 3 3 4 4 4 5 4 4 4 3 2 1 
4 4 4 4 4 4 5 6 8 4 3 3 3 3 5 4 4 3 2 1 
3 4 5 3 4 6 3 7 7 7 5 3 3 3 4 5 4 3 2 1 
3 3 4 4 3 4 5 3 7 6 7 5 4 3 3 4 4 3 2 1 
4 3 3 3 4 3 3 5 4 6 6 8 5 4 4 3 4 3 2 1 
5 3 3 5 3 4 4 3 5 4 6 5 7 4 5 4 3 3 2 1 
5 4 3 3 5 3 4 4 3 5 4 5 4 6 5 5 4 3 2 1 
6 7 4 3 4 5 3 3 4 3 4 4 5 4 5 4 4 3 2 1 
5 5 7 4 4 5 5 3 3 5 3 3 3 4 4 5 4 3 2 1 
5 5 5 7 4 4 7 4 3 3 4 4 4 3 3 3 4 3 2 1 
5 5 4 5 6 3 6 7 3 3 3 4 4 5 3 4 3 3 2 1 
3 5 4 4 4 5 3 6 6 4 3 3 4 5 6 3 4 3 2 1 
4 3 4 4 3 3 5 4 5 6 4 3 3 4 6 5 3 3 2 1 
3 5 4 4 5 4 3 4 4 5 5 4 3 4 3 5 4 3 2 1 
5 3 4 5 3 4 4 3 3 4 5 5 4 4 5 3 4 3 2 1 
4 4 3 4 4 3 4 4 3 3 4 4 4 3 4 4 3 3 2 1 
3 3 3 3 3 3 3 3 3 3 3 3 3 3 3 3 3 3 2 1 
2 2 2 2 2 2 2 2 2 2 2 2 2 2 2 2 2 2 2 1 
1 1 1 1 1 1 1 1 1 1 1 1 1 1 1 1 1 1 1 1 

LCP Table for read_3 and read_10 (k=3):
4 5 4 6 3 3 5 7 3 3 3 6 3 4 4 4 3 3 2 1 
3 3 4 4 5 3 4 4 6 3 3 3 5 3 4 5 4 3 2 1 
3 3 3 4 5 5 3 4 5 5 3 5 6 4 3 3 4 3 2 1 
3 3 3 3 4 5 4 3 4 6 4 4 5 6 4 3 4 3 2 1 
4 3 3 4 5 4 4 4 5 4 5 5 7 5 6 5 3 3 2 1 
3 4 3 3 4 6 3 5 4 5 3 5 5 7 5 5 4 3 2 1 
6 3 4 4 4 4 6 3 6 3 5 3 5 4 6 4 4 3 2 1 
5 7 3 4 4 4 5 6 3 5 4 5 3 4 5 5 3 3 2 1 
6 4 6 3 3 4 6 4 5 3 5 4 4 3 5 5 4 3 2 1 
5 6 5 6 3 3 4 6 4 4 4 5 4 3 3 4 4 3 2 1 
6 4 5 6 5 3 3 3 5 7 4 4 4 4 6 3 4 3 2 1 
3 6 4 4 6 4 3 4 3 6 7 3 5 4 3 5 3 3 2 1 
6 3 6 3 6 5 4 3 5 4 6 6 5 5 3 3 4 3 2 1 
4 6 3 5 3 5 5 4 3 5 4 5 7 5 4 3 4 3 2 1 
3 3 5 3 4 3 5 4 3 3 5 4 4 6 5 4 3 3 2 1 
3 3 4 4 3 3 5 5 4 3 3 4 4 4 5 5 4 3 2 1 
3 4 3 4 4 3 3 4 4 3 4 3 4 3 4 4 4 3 2 1 
3 3 3 3 3 3 3 3 3 3 3 3 3 3 3 3 3 3 2 1 
2 2 2 2 2 2 2 2 2 2 2 2 2 2 2 2 2 2 2 1 
1 1 1 1 1 1 1 1 1 1 1 1 1 1 1 1 1 1 1 1 

LCP Table for read_4 and read_8 (k=3):
5 3 4 4 8 3 3 5 4 4 3 5 4 4 6 3 4 3 2 1 
5 6 5 4 4 9 3 3 6 7 5 3 5 4 4 5 3 3 2 1 
3 5 6 8 3 3 8 5 4 5 7 5 3 7 4 5 4 3 2 1 
5 3 4 5 8 3 4 7 8 4 4 6 4 3 6 3 4 3 2 1 
6 6 5 4 6 9 3 5 8 8 5 4 7 4 3 5 3 3 2 1 
4 6 8 6 3 5 8 5 5 7 8 5 4 7 4 3 4 3 2 1 
8 5 5 7 7 3 5 7 5 5 6 7 4 4 6 3 4 3 2 1 
8 8 4 4 7 8 3 4 7 6 4 5 6 4 3 5 3 3 2 1 
5 8 8 4 3 6 7 3 4 6 6 4 5 6 4 5 4 3 2 1 
3 5 7 7 4 3 6 6 5 4 5 5 3 5 5 3 4 3 2 1 
4 3 4 6 7 4 3 5 6 5 3 4 4 3 4 4 3 3 2 1 
4 4 3 4 5 6 3 3 5 5 6 3 5 6 3 4 3 3 2 1 
3 5 4 3 3 4 5 3 3 4 5 6 3 5 6 3 3 3 2 1 
5 4 4 3 3 4 4 4 3 3 3 4 5 3 4 5 3 3 2 1 
4 4 4 6 4 3 4 4 3 4 3 3 4 4 3 4 4 3 2 1 
3 3 4 4 5 4 3 4 3 4 4 3 3 3 5 3 4 3 2 1 
4 4 4 4 4 4 4 3 4 3 4 4 4 3 3 4 3 3 2 1 
3 3 3 3 3 3 3 3 3 3 3 3 3 3 3 3 3 3 2 1 
2 2 2 2 2 2 2 2 2 2 2 2 2 2 2 2 2 2 2 1 
1 1 1 1 1 1 1 1 1 1 1 1 1 1 1 1 1 1 1 1 

LCP Table for read_5 and read_7 (k=3):
5 4 5 3 3 3 5 4 4 3 5 5 5 3 3 5 4 3 2 1 
6 4 4 5 3 4 3 6 4 5 5 4 4 5 3 3 4 3 2 1 
3 7 5 3 4 6 4 3 5 4 7 5 4 6 6 3 3 3 2 1 
5 3 6 5 3 3 6 5 3 4 4 9 5 4 5 5 3 3 2 1 
4 4 3 6 5 3 3 6 5 3 4 3 8 7 4 5 4 3 2 1 
4 4 3 3 8 4 3 3 6 4 3 5 3 7 6 3 4 3 2 1 
4 4 3 3 3 7 6 5 4 5 4 3 5 3 6 5 4 3 2 1 
4 4 4 3 3 3 6 5 5 4 4 5 4 4 3 5 4 3 2 1 
3 3 4 4 3 3 3 6 5 5 4 3 4 4 5 5 4 3 2 1 
4 3 3 3 3 3 3 4 5 5 5 4 6 4 4 5 4 3 2 1 
7 3 3 3 4 3 3 3 5 5 5 4 3 6 4 4 4 3 2 1 
6 6 5 4 3 5 4 3 3 5 5 4 3 3 6 4 3 3 2 1 
4 5 6 5 4 3 6 4 3 4 7 4 3 3 4 5 3 3 2 1 
3 3 6 6 5 4 5 6 4 4 4 6 3 3 5 5 4 3 2 1 
3 3 3 5 5 6 4 5 5 4 4 4 6 3 3 5 4 3 2 1 
4 3 3 3 5 5 5 3 5 5 3 5 4 5 3 3 4 3 2 1 
4 4 3 3 3 4 4 4 4 4 4 3 4 3 4 4 4 3 2 1 
3 3 3 3 3 3 3 3 3 3 3 3 3 3 3 3 3 3 2 1 
2 2 2 2 2 2 2 2 2 2 2 2 2 2 2 2 2 2 2 1 
1 1 1 1 1 1 1 1 1 1 1 1 1 1 1 1 1 1 1 1 

LCP Table for read_6 and read_7 (k=3):
4 6 4 5 9 3 4 4 4 3 4 3 3 5 4 5 3 3 2 1 
5 5 5 4 5 8 3 4 5 3 3 4 3 6 4 3 4 3 2 1 
4 5 6 4 3 5 9 3 3 5 3 3 4 3 6 5 3 3 2 1 
3 4 5 6 4 3 4 8 4 3 4 3 7 3 3 5 4 3 2 1 
4 3 5 4 5 6 3 4 7 4 3 4 3 7 3 3 4 3 2 1 
4 4 4 4 3 5 6 3 3 7 4 3 4 3 6 3 3 3 2 1 
5 4 4 4 5 3 4 5 4 3 6 4 4 3 3 5 4 3 2 1 
3 4 4 4 5 5 3 4 6 7 5 5 3 4 3 3 4 3 2 1 
3 4 4 3 3 7 6 3 3 7 7 5 5 3 4 3 3 3 2 1 
5 4 4 4 3 4 6 5 3 3 6 7 5 4 3 5 3 3 2 1 
4 4 4 4 4 3 8 6 5 3 3 5 6 6 6 5 4 3 2 1 
4 4 3 4 4 3 3 8 7 4 3 3 6 6 5 5 4 3 2 1 
3 5 3 3 4 3 3 4 8 6 4 3 4 6 5 4 4 3 2 1 
5 3 4 4 3 3 4 3 4 7 6 4 3 4 5 4 4 3 2 1 
4 4 3 5 4 4 3 4 3 4 6 5 3 3 4 5 3 3 2 1 
5 3 5 3 5 5 4 3 5 3 4 5 4 5 3 4 4 3 2 1 
4 4 4 4 3 4 4 4 3 4 3 3 4 4 4 3 3 3 2 1 
3 3 3 3 3 3 3 3 3 3 3 3 3 3 3 3 3 3 2 1 
2 2 2 2 2 2 2 2 2 2 2 2 2 2 2 2 2 2 2 1 
1 1 1 1 1 1 1 1 1 1 1 1 1 1 1 1 1 1 1 1 

LCP Table for read_7 and read_8 (k=3):
3 3 4 4 8 4 3 4 3 4 4 3 3 3 6 3 4 3 2 1 
4 4 5 4 4 9 7 3 4 3 5 4 4 3 3 5 3 3 2 1 
4 4 8 5 3 3 8 8 4 3 5 5 4 4 3 3 4 3 2 1 
7 3 4 8 5 3 4 8 7 4 4 5 5 3 4 3 4 3 2 1 
6 6 3 4 8 6 3 4 7 8 4 5 5 4 3 4 3 3 2 1 
5 6 6 3 3 7 5 3 4 6 9 4 6 5 4 5 3 3 2 1 
3 5 5 5 3 3 7 4 4 4 5 8 3 7 4 3 4 3 2 1 
5 3 4 4 6 3 3 6 4 4 3 4 7 5 6 3 3 3 2 1 
4 4 3 4 4 6 3 3 5 5 6 3 4 6 5 5 3 3 2 1 
3 5 4 4 3 3 5 4 4 4 7 7 3 4 6 5 4 3 2 1 
6 5 4 3 5 4 3 4 4 4 3 6 6 3 3 5 4 3 2 1 
5 6 6 4 3 5 4 3 4 4 4 3 6 7 3 4 4 3 2 1 
3 6 6 6 4 3 6 4 3 4 4 4 3 6 6 3 4 3 2 1 
3 3 5 5 6 5 3 5 4 5 3 3 3 3 5 5 3 3 2 1 
3 3 3 5 4 5 4 4 5 3 5 4 3 3 3 5 4 3 2 1 
4 3 3 3 4 3 4 4 4 4 3 5 5 5 4 3 4 3 2 1 
4 4 3 3 3 4 3 4 4 4 4 3 4 4 4 4 3 3 2 1 
3 3 3 3 3 3 3 3 3 3 3 3 3 3 3 3 3 3 2 1 
2 2 2 2 2 2 2 2 2 2 2 2 2 2 2 2 2 2 2 1 
1 1 1 1 1 1 1 1 1 1 1 1 1 1 1 1 1 1 1 1 

LCP Table for read_8 and read_10 (k=3):
3 3 4 4 6 4 3 4 5 4 6 6 5 5 3 3 4 3 2 1 
3 3 3 3 7 5 4 3 5 5 5 5 8 5 4 3 4 3 2 1 
3 3 3 3 3 7 4 4 3 5 4 5 5 7 5 4 4 3 2 1 
3 3 4 3 3 3 6 4 4 3 4 4 5 5 6 5 4 3 2 1 
3 4 3 4 3 3 3 6 5 3 5 5 5 4 5 5 4 3 2 1 
4 3 4 3 4 5 3 3 6 4 3 5 5 4 4 4 4 3 2 1 
3 5 4 4 3 5 5 3 3 5 4 3 5 4 4 3 3 3 2 1 
3 3 5 4 4 3 4 5 3 3 4 4 3 6 4 4 3 3 2 1 
3 3 4 4 4 3 5 4 5 3 3 3 4 3 5 4 4 3 2 1 
3 5 3 4 4 5 3 5 4 4 4 3 3 3 3 4 3 3 2 1 
4 3 5 3 4 5 4 3 5 4 3 4 3 3 3 3 4 3 2 1 
3 4 4 5 3 4 4 4 3 5 3 3 6 3 3 3 3 3 2 1 
3 3 8 5 5 4 3 5 4 4 4 4 4 7 3 3 4 3 2 1 
4 3 3 7 5 4 4 3 5 4 4 3 4 5 6 3 3 3 2 1 
4 4 3 4 6 5 3 4 5 5 3 5 3 4 5 5 3 3 2 1 
4 5 4 3 4 5 4 3 4 5 4 4 5 4 4 5 4 3 2 1 
4 4 4 4 3 4 4 4 3 3 4 4 4 4 4 3 4 3 2 1 
3 3 3 3 3 3 3 3 3 3 3 3 3 3 3 3 3 3 2 1 
2 2 2 2 2 2 2 2 2 2 2 2 2 2 2 2 2 2 2 1 
1 1 1 1 1 1 1 1 1 1 1 1 1 1 1 1 1 1 1 1 

